
GetPostings
room
Results:1016 1019 1029 1049
Darcy
Results:1019 1024 1027 1035
Hurst
Results:1024

QueryAnd
room Darcy Hurst 
Results: empty

TF-IDF
room Darcy Hurst 
Results: empty

QueryOr
room Darcy Hurst 
Results: 1016 1019 1024 1027 1029 1035 1049 

TF-IDF
room Darcy Hurst 
Results: 1024 1035 1019 1016 1049 1029 1027 

GetPostings
the
Results:1001 1002 1003 1005 1007 1009 1010 1011 1012 1014 1015 1016 1019 1020 1021 1024 1025 1026 1027 1029 1031 1032 1036 1037 1038 1041 1043 1044 1045 1049 1052 1053 1054 1055 1056 1059 1060

QueryAnd
the 
Results: 1001 1002 1003 1005 1007 1009 1010 1011 1012 1014 1015 1016 1019 1020 1021 1024 1025 1026 1027 1029 1031 1032 1036 1037 1038 1041 1043 1044 1045 1049 1052 1053 1054 1055 1056 1059 1060 

TF-IDF
the 
Results: 1054 1031 1016 1037 1025 1019 1021 1059 1024 1009 1012 1038 1049 1001 1002 1005 1014 1041 1043 1053 1015 1003 1045 1036 1044 1010 1026 1027 1052 1020 1007 1011 1055 1032 1056 1029 1060 

QueryOr
the 
Results: 1001 1002 1003 1005 1007 1009 1010 1011 1012 1014 1015 1016 1019 1020 1021 1024 1025 1026 1027 1029 1031 1032 1036 1037 1038 1041 1043 1044 1045 1049 1052 1053 1054 1055 1056 1059 1060 

TF-IDF
the 
Results: 1054 1031 1016 1037 1025 1019 1021 1059 1024 1009 1012 1038 1049 1001 1002 1005 1014 1041 1043 1053 1015 1003 1045 1036 1044 1010 1026 1027 1052 1020 1007 1011 1055 1032 1056 1029 1060 

GetPostings
boy
Results:1014

QueryAnd
boy Lucas 
Results: 1014 

TF-IDF
boy Lucas 
Results: 1014 

QueryOr
boy Lucas 
Results: 1014 

TF-IDF
boy Lucas 
Results: 1014 

GetPostings
room
Results:1016 1019 1029 1049
Darcy
Results:1019 1024 1027 1035
Hurst
Results:1024

QueryAnd
room Darcy Hurst 
Results: empty

TF-IDF
room Darcy Hurst 
Results: empty

QueryOr
room Darcy Hurst 
Results: 1016 1019 1024 1027 1029 1035 1049 

TF-IDF
room Darcy Hurst 
Results: 1024 1035 1019 1016 1049 1029 1027 

GetPostings
the
Results:1001 1002 1003 1005 1007 1009 1010 1011 1012 1014 1015 1016 1019 1020 1021 1024 1025 1026 1027 1029 1031 1032 1036 1037 1038 1041 1043 1044 1045 1049 1052 1053 1054 1055 1056 1059 1060

QueryAnd
the 
Results: 1001 1002 1003 1005 1007 1009 1010 1011 1012 1014 1015 1016 1019 1020 1021 1024 1025 1026 1027 1029 1031 1032 1036 1037 1038 1041 1043 1044 1045 1049 1052 1053 1054 1055 1056 1059 1060 

TF-IDF
the 
Results: 1054 1031 1016 1037 1025 1019 1021 1059 1024 1009 1012 1038 1049 1001 1002 1005 1014 1041 1043 1053 1015 1003 1045 1036 1044 1010 1026 1027 1052 1020 1007 1011 1055 1032 1056 1029 1060 

QueryOr
the 
Results: 1001 1002 1003 1005 1007 1009 1010 1011 1012 1014 1015 1016 1019 1020 1021 1024 1025 1026 1027 1029 1031 1032 1036 1037 1038 1041 1043 1044 1045 1049 1052 1053 1054 1055 1056 1059 1060 

TF-IDF
the 
Results: 1054 1031 1016 1037 1025 1019 1021 1059 1024 1009 1012 1038 1049 1001 1002 1005 1014 1041 1043 1053 1015 1003 1045 1036 1044 1010 1026 1027 1052 1020 1007 1011 1055 1032 1056 1029 1060 

GetPostings
boy
Results:1014

QueryAnd
boy Lucas 
Results: 1014 

TF-IDF
boy Lucas 
Results: 1014 

QueryOr
boy Lucas 
Results: 1014 

TF-IDF
boy Lucas 
Results: 1014 
